Year      Month     Day       SimDay    Season    wRZ            zGW            wSurf          Irr            Infl           RO             DP             CR             GWin           Es             EsX            Tr             TrX            
2010      5         1         1         1         85.67          -999.00        0.00           0.00           0.00           0.00           0.00           0.00           0.00           4.33           5.47           0.00           0.00           
2010      5         2         2         1         83.06          -999.00        0.00           0.00           0.00           0.00           0.00           0.00           0.00           2.62           4.83           0.00           0.00           
2010      5         3         3         1         80.67          -999.00        0.00           0.00           0.00           0.00           0.00           0.00           0.00           2.39           5.82           0.00           0.00           
2010      5         4         4         1         78.08          -999.00        0.00           0.00           0.00           0.00           0.00           0.00           0.00           2.58           8.33           0.00           0.00           
2010      5         5         5         1         76.78          -999.00        0.00           0.00           0.00           0.00           0.00           0.00           0.00           1.30           5.23           0.00           0.00           
2010      5         6         6         1         75.47          -999.00        0.00           0.00           2.29           0.00           0.00           0.00           0.00           3.60           4.62           0.00           0.00           
2010      5         7         7         1         73.34          -999.00        0.00           0.00           0.00           0.00           0.00           0.00           0.00           2.13           4.90           0.00           0.00           
2010      5         8         8         1         71.87          -999.00        0.00           0.00           0.00           0.00           0.00           0.00           0.00           1.47           4.47           0.00           0.00           
2010      5         9         9         1         70.96          -999.00        0.00           0.00           3.30           0.00           0.00           0.00           0.00           4.21           6.62           0.00           0.00           
2010      5         10        10        1         71.43          -999.00        0.00           0.00           1.27           0.00           0.00           0.00           0.00           0.80           0.80           0.00           0.00           
2010      5         11        11        1         71.13          -999.00        0.00           0.00           0.76           0.00           0.00           0.00           0.00           1.05           1.85           0.00           0.00           
2010      5         12        12        1         73.53          -999.00        0.00           0.00           3.56           0.00           0.00           0.00           0.00           1.17           1.17           0.00           0.00           
2010      5         13        13        1         70.78          -999.00        0.00           0.00           0.00           0.00           0.00           0.00           0.00           2.75           3.80           0.00           0.00           
2010      5         14        14        1         69.89          -999.00        0.00           0.00           0.25           0.00           0.00           0.00           0.00           1.14           4.07           0.00           0.00           
2010      5         15        15        1         73.48          -999.00        0.00           0.00           4.83           0.00           0.00           0.00           0.00           1.24           1.24           0.00           0.00           
2010      5         16        16        1         74.22          -999.00        0.00           0.00           0.00           0.00           0.00           0.00           0.00           2.25           2.25           0.00           0.00           
2010      5         17        17        1         78.23          -999.00        0.00           0.00           0.00           0.00           0.00           0.00           0.00           1.99           4.55           0.00           0.00           
2010      5         18        18        1         87.37          -999.00        0.00           0.00           6.86           0.00           0.00           0.00           0.00           3.71           3.71           0.01           0.01           
2010      5         19        19        1         97.47          -999.00        0.00           0.00           8.64           0.00           0.00           0.00           0.00           1.54           1.54           0.00           0.00           
2010      5         20        20        1         98.14          -999.00        0.00           0.00           0.00           0.00           0.00           0.00           0.00           2.32           2.32           0.00           0.00           
2010      5         21        21        1         99.84          -999.00        0.00           0.00           0.00           0.00           0.00           0.00           0.00           4.28           4.28           0.03           0.03           
2010      5         22        22        1         105.44         -999.00        0.00           0.00           0.00           0.00           0.00           0.00           0.00           3.27           11.34          0.13           0.13           
2010      5         23        23        1         110.11         -999.00        0.00           0.00           0.00           0.00           0.00           0.00           0.00           1.26           6.84           0.07           0.07           
2010      5         24        24        1         114.78         -999.00        0.00           0.00           0.00           0.00           0.00           0.00           0.00           1.22           8.17           0.11           0.11           
2010      5         25        25        1         120.16         -999.00        0.00           0.00           0.00           0.00           0.00           0.00           0.00           0.58           4.53           0.04           0.04           
2010      5         26        26        1         125.67         -999.00        0.00           0.00           1.27           0.00           0.00           0.00           0.00           1.69           4.85           0.07           0.07           
2010      5         27        27        1         133.80         -999.00        0.00           0.00           0.00           0.00           0.00           0.00           0.00           0.73           6.92           0.14           0.14           
2010      5         28        28        1         141.78         -999.00        0.00           0.00           0.00           0.00           0.00           0.00           0.00           0.82           8.90           0.20           0.20           
2010      5         29        29        1         146.72         -999.00        0.00           0.00           0.00           0.00           0.00           0.00           0.00           0.81           9.72           0.25           0.25           
2010      5         30        30        1         152.12         -999.00        0.00           0.00           0.00           0.00           0.00           0.00           0.00           0.46           5.98           0.14           0.14           
2010      5         31        31        1         157.43         -999.00        0.00           0.00           0.00           0.00           0.00           0.00           0.00           0.49           6.64           0.20           0.20           
2010      6         1         32        1         165.73         -999.00        0.00           0.00           0.25           0.00           0.00           0.00           0.00           0.70           6.50           0.24           0.24           
2010      6         2         33        1         171.40         -999.00        0.00           0.00           1.78           0.00           0.00           0.00           0.00           1.95           4.23           0.16           0.16           
2010      6         3         34        1         176.70         -999.00        0.00           0.00           0.00           0.00           0.00           0.00           0.00           0.42           6.06           0.28           0.28           
2010      6         4         35        1         181.90         -999.00        0.00           0.00           0.00           0.00           0.00           0.00           0.00           0.44           6.54           0.36           0.36           
2010      6         5         36        1         187.02         -999.00        0.00           0.00           0.00           0.00           0.00           0.00           0.00           0.44           6.80           0.44           0.44           
2010      6         6         37        1         195.28         -999.00        0.00           0.00           1.52           0.00           0.00           0.00           0.00           1.80           5.97           0.45           0.45           
2010      6         7         38        1         200.78         -999.00        0.00           0.00           2.79           0.00           0.00           0.00           0.00           2.89           4.46           0.41           0.41           
2010      6         8         39        1         205.97         -999.00        0.00           0.00           0.00           0.00           0.00           0.00           0.00           0.29           5.03           0.52           0.52           
2010      6         9         40        1         213.98         -999.00        0.00           0.00           0.00           0.00           0.00           0.00           0.00           0.30           5.46           0.68           0.68           
2010      6         10        41        1         219.08         -999.00        0.00           0.00           0.00           0.00           0.00           0.00           0.00           0.23           4.40           0.67           0.67           
2010      6         11        42        1         231.96         -999.00        0.00           0.00           10.92          0.00           0.00           0.00           0.00           3.44           3.44           0.61           0.61           
2010      6         12        43        1         236.26         -999.00        0.00           0.00           2.54           0.00           0.00           0.00           0.00           1.10           1.10           0.14           0.14           
2010      6         13        44        1         274.71         -999.00        0.00           0.00           33.74          1.57           0.00           0.00           0.00           1.16           1.16           0.13           0.13           
2010      6         14        45        1         274.09         -999.00        0.00           0.00           0.76           0.00           0.16           0.00           0.00           3.40           3.72           0.78           0.78           
2010      6         15        46        1         274.22         -999.00        0.00           0.00           0.25           0.00           0.41           0.00           0.00           4.22           5.17           1.44           1.44           
2010      6         16        47        1         274.48         -999.00        0.00           0.00           0.00           0.00           0.43           0.00           0.00           3.02           6.51           2.29           2.29           
2010      6         17        48        1         276.31         -999.00        0.00           0.00           0.00           0.00           0.27           0.00           0.00           1.54           5.55           2.42           2.42           
2010      6         18        49        1         278.67         -999.00        0.00           0.00           0.00           0.00           0.12           0.00           0.00           0.89           4.89           2.65           2.65           
2010      6         19        50        1         298.58         -999.00        0.00           0.00           20.54          0.29           0.05           0.00           0.00           3.92           3.92           2.68           2.68           
2010      6         20        51        1         312.86         -999.00        0.00           0.00           10.93          0.50           0.02           0.00           0.00           1.42           1.42           1.21           1.21           
2010      6         21        52        1         316.17         -999.00        0.00           0.00           4.03           0.03           0.62           0.00           0.00           2.81           2.81           3.17           3.17           
2010      6         22        53        1         315.32         -999.00        0.00           0.00           0.00           0.00           0.92           0.00           0.00           2.27           2.32           3.61           3.61           
2010      6         23        54        1         315.27         -999.00        0.00           0.00           0.00           0.00           0.67           0.00           0.00           1.15           2.09           4.31           4.31           
2010      6         24        55        1         314.99         -999.00        0.00           0.00           0.00           0.00           0.32           0.00           0.00           0.60           2.01           5.42           5.42           
2010      6         25        56        1         314.36         -999.00        0.00           0.00           0.00           0.00           0.11           0.00           0.00           0.27           1.79           6.29           6.29           
2010      6         26        57        1         317.63         -999.00        0.00           0.00           0.00           0.00           0.03           0.00           0.00           0.10           1.25           5.61           5.61           
2010      6         27        58        1         317.96         -999.00        0.00           0.00           0.00           0.00           0.01           0.00           0.00           0.06           1.02           5.60           5.60           
2010      6         28        59        1         317.24         -999.00        0.00           0.00           0.00           0.00           0.00           0.00           0.00           0.05           1.02           6.66           6.66           
2010      6         29        60        1         316.12         -999.00        0.00           0.00           0.00           0.00           0.00           0.00           0.00           0.03           0.92           7.09           7.09           
2010      6         30        61        1         310.83         -999.00        0.00           0.00           0.00           0.00           0.00           0.00           0.00           0.02           0.93           8.27           8.27           
2010      7         1         62        1         308.48         -999.00        0.00           0.00           0.00           0.00           0.00           0.00           0.00           0.02           0.82           8.32           8.32           
2010      7         2         63        1         320.71         -999.00        0.00           0.00           10.67          0.00           0.00           0.00           0.00           0.57           0.57           6.87           6.87           
2010      7         3         64        1         319.35         -999.00        0.00           0.00           0.00           0.00           0.00           0.00           0.00           0.49           0.49           6.88           6.88           
2010      7         4         65        1         335.22         -999.00        0.00           0.00           13.21          0.00           0.00           0.00           0.00           0.20           0.20           3.14           3.14           
2010      7         5         66        1         339.21         -999.00        0.00           0.00           4.57           0.00           0.00           0.00           0.00           0.33           0.33           6.24           6.24           
2010      7         6         67        1         338.74         -999.00        0.00           0.00           1.02           0.00           0.00           0.00           0.00           0.34           0.34           7.15           7.15           
2010      7         7         68        1         340.22         -999.00        0.00           0.00           0.00           0.00           0.00           0.00           0.00           0.07           0.07           1.45           1.45           
2010      7         8         69        1         339.77         -999.00        0.00           0.00           0.00           0.00           0.00           0.00           0.00           0.13           0.13           3.32           3.32           
2010      7         9         70        1         340.68         -999.00        0.00           0.00           0.00           0.00           0.00           0.00           0.00           0.17           0.17           4.93           4.93           
2010      7         10        71        1         339.76         -999.00        0.00           0.00           0.00           0.00           0.00           0.00           0.00           0.21           0.21           6.71           6.71           
2010      7         11        72        1         339.31         -999.00        0.00           0.00           0.00           0.00           0.00           0.00           0.00           0.11           0.18           6.35           6.35           
2010      7         12        73        1         339.44         -999.00        0.00           0.00           0.51           0.00           0.00           0.00           0.00           0.16           0.16           6.22           6.22           
2010      7         13        74        1         336.79         -999.00        0.00           0.00           0.00           0.00           0.00           0.00           0.00           0.20           0.20           8.45           8.45           
2010      7         14        75        1         335.84         -999.00        0.00           0.00           0.00           0.00           0.00           0.00           0.00           0.15           0.15           6.80           6.80           
2010      7         15        76        1         336.59         -999.00        0.00           0.00           0.00           0.00           0.00           0.00           0.00           0.01           0.10           5.25           5.25           
2010      7         16        77        1         335.35         -999.00        0.00           0.00           0.00           0.00           0.00           0.00           0.00           0.00           0.14           7.23           7.23           
2010      7         17        78        1         330.60         -999.00        0.00           0.00           0.00           0.00           0.00           0.00           0.00           0.00           0.07           7.75           7.75           
2010      7         18        79        1         328.72         -999.00        0.00           0.00           4.57           0.00           0.00           0.00           0.00           0.05           0.05           6.40           6.40           
2010      7         19        80        1         322.08         -999.00        0.00           0.00           0.25           0.00           0.00           0.00           0.00           0.05           0.05           6.84           6.84           
2010      7         20        81        1         317.50         -999.00        0.00           0.00           0.00           0.00           0.00           0.00           0.00           0.03           0.03           4.54           4.54           
2010      7         21        82        1         322.23         -999.00        0.00           0.00           7.87           0.00           0.00           0.00           0.00           0.02           0.02           3.12           3.12           
2010      7         22        83        1         317.60         -999.00        0.00           0.00           0.25           0.00           0.00           0.00           0.00           0.03           0.03           4.84           4.84           
2010      7         23        84        1         310.56         -999.00        0.00           0.00           0.00           0.00           0.00           0.00           0.00           0.04           0.04           6.99           6.99           
2010      7         24        85        1         305.18         -999.00        0.00           0.00           0.00           0.00           0.00           0.00           0.00           0.03           0.03           5.35           5.35           
2010      7         25        86        1         300.51         -999.00        0.00           0.00           0.00           0.00           0.00           0.00           0.00           0.03           0.03           4.64           4.64           
2010      7         26        87        1         292.55         -999.00        0.00           0.00           0.00           0.00           0.00           0.00           0.00           0.05           0.05           7.91           7.91           
2010      7         27        88        1         284.36         -999.00        0.00           0.00           0.00           0.00           0.00           0.00           0.00           0.05           0.05           8.14           8.14           
2010      7         28        89        1         278.05         -999.00        0.00           0.00           0.00           0.00           0.00           0.00           0.00           0.01           0.04           6.29           6.29           
2010      7         29        90        1         270.62         -999.00        0.00           0.00           0.00           0.00           0.00           0.00           0.00           0.00           0.04           7.43           7.43           
2010      7         30        91        1         265.47         -999.00        0.00           0.00           0.00           0.00           0.00           0.00           0.00           0.00           0.03           5.15           5.15           
2010      7         31        92        1         260.16         -999.00        0.00           0.00           0.00           0.00           0.00           0.00           0.00           0.00           0.03           5.31           5.31           
2010      8         1         93        1         254.02         -999.00        0.00           0.00           0.00           0.00           0.00           0.00           0.00           0.00           0.04           6.14           6.14           
2010      8         2         94        1         249.30         -999.00        0.00           0.00           0.00           0.00           0.00           0.00           0.00           0.00           0.03           4.72           4.72           
2010      8         3         95        1         267.65         -999.00        0.00           0.00           23.87          0.01           0.00           0.00           0.00           0.03           0.03           5.48           5.48           
2010      8         4         96        1         264.06         -999.00        0.00           0.00           1.52           0.00           0.00           0.00           0.00           0.03           0.03           5.08           5.08           
2010      8         5         97        1         276.24         -999.00        0.00           0.00           17.77          0.77           0.00           0.00           0.00           0.03           0.03           5.56           5.56           
2010      8         6         98        1         271.13         -999.00        0.00           0.00           0.00           0.00           0.00           0.00           0.00           0.03           0.03           5.08           5.08           
2010      8         7         99        1         264.87         -999.00        0.00           0.00           0.00           0.00           0.00           0.00           0.00           0.04           0.04           6.22           6.22           
2010      8         8         100       1         259.17         -999.00        0.00           0.00           0.00           0.00           0.00           0.00           0.00           0.04           0.04           5.67           5.67           
2010      8         9         101       1         279.60         -999.00        0.00           0.00           24.72          0.68           0.00           0.00           0.00           0.03           0.03           4.27           4.27           
2010      8         10        102       1         276.75         -999.00        0.00           0.00           3.05           0.00           0.00           0.00           0.00           0.04           0.04           5.86           5.86           
2010      8         11        103       1         270.40         -999.00        0.00           0.00           0.00           0.00           0.00           0.00           0.00           0.04           0.04           6.32           6.32           
2010      8         12        104       1         264.85         -999.00        0.00           0.00           0.00           0.00           0.00           0.00           0.00           0.03           0.03           5.51           5.51           
2010      8         13        105       1         258.84         -999.00        0.00           0.00           0.00           0.00           0.00           0.00           0.00           0.04           0.04           5.97           5.97           
2010      8         14        106       1         255.34         -999.00        0.00           0.00           0.76           0.00           0.00           0.00           0.00           0.03           0.03           4.23           4.23           
2010      8         15        107       1         252.20         -999.00        0.00           0.00           0.00           0.00           0.00           0.00           0.00           0.02           0.02           3.11           3.11           
2010      8         16        108       1         287.91         -999.00        0.00           0.00           39.61          1.03           0.00           0.00           0.00           0.02           0.02           3.87           3.87           
2010      8         17        109       1         284.02         -999.00        0.00           0.00           0.25           0.00           0.00           0.00           0.00           0.03           0.03           4.12           4.12           
2010      8         18        110       1         277.67         -999.00        0.00           0.00           0.00           0.00           0.00           0.00           0.00           0.04           0.04           6.31           6.31           
2010      8         19        111       1         273.88         -999.00        0.00           0.00           0.00           0.00           0.00           0.00           0.00           0.02           0.02           3.76           3.76           
2010      8         20        112       1         269.02         -999.00        0.00           0.00           0.00           0.00           0.00           0.00           0.00           0.03           0.03           4.83           4.83           
2010      8         21        113       1         263.05         -999.00        0.00           0.00           0.00           0.00           0.00           0.00           0.00           0.04           0.04           5.93           5.93           
2010      8         22        114       1         256.21         -999.00        0.00           0.00           0.00           0.00           0.00           0.00           0.00           0.05           0.05           6.79           7.35           
2010      8         23        115       1         252.58         -999.00        0.00           0.00           0.00           0.00           0.00           0.00           0.00           0.02           0.02           3.61           3.61           
2010      8         24        116       1         248.71         -999.00        0.00           0.00           0.00           0.00           0.00           0.00           0.00           0.02           0.03           3.86           3.86           
2010      8         25        117       1         243.77         -999.00        0.00           0.00           0.00           0.00           0.00           0.00           0.00           0.00           0.04           4.93           5.51           
2010      8         26        118       1         238.86         -999.00        0.00           0.00           0.00           0.00           0.00           0.00           0.00           0.00           0.04           4.91           6.05           
2010      8         27        119       1         233.80         -999.00        0.00           0.00           0.00           0.00           0.00           0.00           0.00           0.00           0.05           5.06           7.17           
2010      8         28        120       1         228.84         -999.00        0.00           0.00           0.00           0.00           0.00           0.00           0.00           0.00           0.08           4.96           7.57           
2010      8         29        121       1         224.61         -999.00        0.00           0.00           0.00           0.00           0.00           0.00           0.00           0.00           0.12           4.23           6.44           
2010      8         30        122       1         221.11         -999.00        0.00           0.00           0.00           0.00           0.00           0.00           0.00           0.00           0.14           3.49           5.16           
2010      8         31        123       1         217.82         -999.00        0.00           0.00           0.00           0.00           0.00           0.00           0.00           0.00           0.18           3.29           5.16           
2010      9         1         124       1         215.63         -999.00        0.00           0.00           0.00           0.00           0.00           0.00           0.00           0.00           0.14           2.19           3.06           
2010      9         2         125       1         213.67         -999.00        0.00           0.00           0.00           0.00           0.00           0.00           0.00           0.01           0.22           1.96           3.16           
2010      9         3         126       1         211.74         -999.00        0.00           0.00           0.00           0.00           0.00           0.00           0.00           0.00           0.21           1.92           2.98           
2010      9         4         127       1         209.49         -999.00        0.00           0.00           0.00           0.00           0.00           0.00           0.00           0.01           0.28           2.24           3.82           
2010      9         5         128       1         207.07         -999.00        0.00           0.00           0.00           0.00           0.00           0.00           0.00           0.01           0.41           2.41           4.67           
2010      9         6         129       1         205.71         -999.00        0.00           0.00           0.00           0.00           0.00           0.00           0.00           0.01           0.37           1.35           2.54           
2010      9         7         130       1         203.91         -999.00        0.00           0.00           0.00           0.00           0.00           0.00           0.00           0.01           0.44           1.79           3.51           
2010      9         8         131       1         206.41         -999.00        0.00           0.00           4.57           0.00           0.00           0.00           0.00           0.40           0.40           1.67           2.84           
2010      9         9         132       1         204.95         -999.00        0.00           0.00           0.00           0.00           0.00           0.00           0.00           0.31           0.31           1.14           1.81           
2010      9         10        133       1         202.51         -999.00        0.00           0.00           0.00           0.00           0.00           0.00           0.00           0.74           0.74           1.69           3.55           
2010      9         11        134       1         200.49         -999.00        0.00           0.00           0.00           0.00           0.00           0.00           0.00           0.72           0.72           1.31           2.73           
2010      9         12        135       1         198.51         -999.00        0.00           0.00           0.00           0.00           0.00           0.00           0.00           0.80           0.80           1.18           2.59           
2010      9         13        136       1         196.75         -999.00        0.00           0.00           0.00           0.00           0.00           0.00           0.00           0.79           0.79           0.97           2.14           
2010      9         14        137       1         196.00         -999.00        0.00           0.00           0.51           0.00           0.00           0.00           0.00           0.51           0.71           0.74           1.56           
2010      9         15        138       1         195.18         -999.00        0.00           0.00           0.25           0.00           0.00           0.00           0.00           0.26           1.08           0.81           1.97           
2010      9         16        139       1         194.53         -999.00        0.00           0.00           0.25           0.00           0.00           0.00           0.00           0.26           1.13           0.63           1.56           
2010      9         17        140       1         194.04         -999.00        0.00           0.00           0.00           0.00           0.00           0.00           0.00           0.02           1.15           0.47           1.15           
2010      9         18        141       1         194.02         -999.00        0.00           0.00           0.25           0.00           0.00           0.00           0.00           0.25           0.26           0.02           0.04           
2010      9         19        142       1         193.83         -999.00        0.00           0.00           0.00           0.00           0.00           0.00           0.00           0.01           0.76           0.17           0.35           
2010      9         20        143       1         201.21         -999.00        0.00           0.00           10.16          0.00           0.00           0.00           0.00           2.26           2.26           0.53           0.79           
2010      9         21        144       1         199.73         -999.00        0.00           0.00           0.00           0.00           0.00           0.00           0.00           1.36           1.36           0.12           0.23           
2010      9         22        145       1         205.10         -999.00        0.00           0.00           7.37           0.00           0.00           0.00           0.00           1.93           1.93           0.06           0.06           
2010      9         23        146       1         203.12         -999.00        0.00           0.00           0.00           0.00           0.00           0.00           0.00           1.98           1.98           0.00           0.00           
2010      9         24        147       1         200.38         -999.00        0.00           0.00           0.00           0.00           0.00           0.00           0.00           2.75           2.75           0.00           0.00           
2010      9         25        -999      0         -999.00        -999.00        -999.00        -999.00        -999.00        -999.00        -999.00        -999.00        -999.00        -999.00        -999.00        -999.00        -999.00        
2010      9         26        -999      0         -999.00        -999.00        -999.00        -999.00        -999.00        -999.00        -999.00        -999.00        -999.00        -999.00        -999.00        -999.00        -999.00        
2010      9         27        -999      0         -999.00        -999.00        -999.00        -999.00        -999.00        -999.00        -999.00        -999.00        -999.00        -999.00        -999.00        -999.00        -999.00        
2010      9         28        -999      0         -999.00        -999.00        -999.00        -999.00        -999.00        -999.00        -999.00        -999.00        -999.00        -999.00        -999.00        -999.00        -999.00        
2010      9         29        -999      0         -999.00        -999.00        -999.00        -999.00        -999.00        -999.00        -999.00        -999.00        -999.00        -999.00        -999.00        -999.00        -999.00        
2010      9         30        -999      0         -999.00        -999.00        -999.00        -999.00        -999.00        -999.00        -999.00        -999.00        -999.00        -999.00        -999.00        -999.00        -999.00        
2010      10        1         -999      0         -999.00        -999.00        -999.00        -999.00        -999.00        -999.00        -999.00        -999.00        -999.00        -999.00        -999.00        -999.00        -999.00        
2010      10        2         -999      0         -999.00        -999.00        -999.00        -999.00        -999.00        -999.00        -999.00        -999.00        -999.00        -999.00        -999.00        -999.00        -999.00        
2010      10        3         -999      0         -999.00        -999.00        -999.00        -999.00        -999.00        -999.00        -999.00        -999.00        -999.00        -999.00        -999.00        -999.00        -999.00        
2010      10        4         -999      0         -999.00        -999.00        -999.00        -999.00        -999.00        -999.00        -999.00        -999.00        -999.00        -999.00        -999.00        -999.00        -999.00        
2010      10        5         -999      0         -999.00        -999.00        -999.00        -999.00        -999.00        -999.00        -999.00        -999.00        -999.00        -999.00        -999.00        -999.00        -999.00        
2010      10        6         -999      0         -999.00        -999.00        -999.00        -999.00        -999.00        -999.00        -999.00        -999.00        -999.00        -999.00        -999.00        -999.00        -999.00        
2010      10        7         -999      0         -999.00        -999.00        -999.00        -999.00        -999.00        -999.00        -999.00        -999.00        -999.00        -999.00        -999.00        -999.00        -999.00        
2010      10        8         -999      0         -999.00        -999.00        -999.00        -999.00        -999.00        -999.00        -999.00        -999.00        -999.00        -999.00        -999.00        -999.00        -999.00        
2010      10        9         -999      0         -999.00        -999.00        -999.00        -999.00        -999.00        -999.00        -999.00        -999.00        -999.00        -999.00        -999.00        -999.00        -999.00        
2010      10        10        -999      0         -999.00        -999.00        -999.00        -999.00        -999.00        -999.00        -999.00        -999.00        -999.00        -999.00        -999.00        -999.00        -999.00        
2010      10        11        -999      0         -999.00        -999.00        -999.00        -999.00        -999.00        -999.00        -999.00        -999.00        -999.00        -999.00        -999.00        -999.00        -999.00        
2010      10        12        -999      0         -999.00        -999.00        -999.00        -999.00        -999.00        -999.00        -999.00        -999.00        -999.00        -999.00        -999.00        -999.00        -999.00        
2010      10        13        -999      0         -999.00        -999.00        -999.00        -999.00        -999.00        -999.00        -999.00        -999.00        -999.00        -999.00        -999.00        -999.00        -999.00        
2010      10        14        -999      0         -999.00        -999.00        -999.00        -999.00        -999.00        -999.00        -999.00        -999.00        -999.00        -999.00        -999.00        -999.00        -999.00        
2010      10        15        -999      0         -999.00        -999.00        -999.00        -999.00        -999.00        -999.00        -999.00        -999.00        -999.00        -999.00        -999.00        -999.00        -999.00        
2010      10        16        -999      0         -999.00        -999.00        -999.00        -999.00        -999.00        -999.00        -999.00        -999.00        -999.00        -999.00        -999.00        -999.00        -999.00        
2010      10        17        -999      0         -999.00        -999.00        -999.00        -999.00        -999.00        -999.00        -999.00        -999.00        -999.00        -999.00        -999.00        -999.00        -999.00        
2010      10        18        -999      0         -999.00        -999.00        -999.00        -999.00        -999.00        -999.00        -999.00        -999.00        -999.00        -999.00        -999.00        -999.00        -999.00        
2010      10        19        -999      0         -999.00        -999.00        -999.00        -999.00        -999.00        -999.00        -999.00        -999.00        -999.00        -999.00        -999.00        -999.00        -999.00        
2010      10        20        -999      0         -999.00        -999.00        -999.00        -999.00        -999.00        -999.00        -999.00        -999.00        -999.00        -999.00        -999.00        -999.00        -999.00        
2010      10        21        -999      0         -999.00        -999.00        -999.00        -999.00        -999.00        -999.00        -999.00        -999.00        -999.00        -999.00        -999.00        -999.00        -999.00        
2010      10        22        -999      0         -999.00        -999.00        -999.00        -999.00        -999.00        -999.00        -999.00        -999.00        -999.00        -999.00        -999.00        -999.00        -999.00        
2010      10        23        -999      0         -999.00        -999.00        -999.00        -999.00        -999.00        -999.00        -999.00        -999.00        -999.00        -999.00        -999.00        -999.00        -999.00        
2010      10        24        -999      0         -999.00        -999.00        -999.00        -999.00        -999.00        -999.00        -999.00        -999.00        -999.00        -999.00        -999.00        -999.00        -999.00        
2010      10        25        -999      0         -999.00        -999.00        -999.00        -999.00        -999.00        -999.00        -999.00        -999.00        -999.00        -999.00        -999.00        -999.00        -999.00        
2010      10        26        -999      0         -999.00        -999.00        -999.00        -999.00        -999.00        -999.00        -999.00        -999.00        -999.00        -999.00        -999.00        -999.00        -999.00        
2010      10        27        -999      0         -999.00        -999.00        -999.00        -999.00        -999.00        -999.00        -999.00        -999.00        -999.00        -999.00        -999.00        -999.00        -999.00        
2010      10        28        -999      0         -999.00        -999.00        -999.00        -999.00        -999.00        -999.00        -999.00        -999.00        -999.00        -999.00        -999.00        -999.00        -999.00        
2010      10        29        -999      0         -999.00        -999.00        -999.00        -999.00        -999.00        -999.00        -999.00        -999.00        -999.00        -999.00        -999.00        -999.00        -999.00        
2010      10        30        -999      0         -999.00        -999.00        -999.00        -999.00        -999.00        -999.00        -999.00        -999.00        -999.00        -999.00        -999.00        -999.00        -999.00        
