Year      Month     Day       SimDay    Season    0.05m          0.15m          0.25m          0.35m          0.45m          0.55m          0.675m         0.825m         0.975m         1.125m         1.275m         1.45m          
2010      5         1         1         1         0.26           0.30           0.30           0.30           0.30           0.30           0.30           0.30           0.30           0.30           0.30           0.30           
2010      5         2         2         1         0.23           0.30           0.30           0.30           0.30           0.30           0.30           0.30           0.30           0.30           0.30           0.30           
2010      5         3         3         1         0.21           0.30           0.30           0.30           0.30           0.30           0.30           0.30           0.30           0.30           0.30           0.30           
2010      5         4         4         1         0.18           0.30           0.30           0.30           0.30           0.30           0.30           0.30           0.30           0.30           0.30           0.30           
2010      5         5         5         1         0.17           0.30           0.30           0.30           0.30           0.30           0.30           0.30           0.30           0.30           0.30           0.30           
2010      5         6         6         1         0.15           0.30           0.30           0.30           0.30           0.30           0.30           0.30           0.30           0.30           0.30           0.30           
2010      5         7         7         1         0.13           0.30           0.30           0.30           0.30           0.30           0.30           0.30           0.30           0.30           0.30           0.30           
2010      5         8         8         1         0.12           0.30           0.30           0.30           0.30           0.30           0.30           0.30           0.30           0.30           0.30           0.30           
2010      5         9         9         1         0.11           0.30           0.30           0.30           0.30           0.30           0.30           0.30           0.30           0.30           0.30           0.30           
2010      5         10        10        1         0.11           0.30           0.30           0.30           0.30           0.30           0.30           0.30           0.30           0.30           0.30           0.30           
2010      5         11        11        1         0.11           0.30           0.30           0.30           0.30           0.30           0.30           0.30           0.30           0.30           0.30           0.30           
2010      5         12        12        1         0.14           0.30           0.30           0.30           0.30           0.30           0.30           0.30           0.30           0.30           0.30           0.30           
2010      5         13        13        1         0.11           0.30           0.30           0.30           0.30           0.30           0.30           0.30           0.30           0.30           0.30           0.30           
2010      5         14        14        1         0.10           0.30           0.30           0.30           0.30           0.30           0.30           0.30           0.30           0.30           0.30           0.30           
2010      5         15        15        1         0.13           0.30           0.30           0.30           0.30           0.30           0.30           0.30           0.30           0.30           0.30           0.30           
2010      5         16        16        1         0.11           0.30           0.30           0.30           0.30           0.30           0.30           0.30           0.30           0.30           0.30           0.30           
2010      5         17        17        1         0.09           0.30           0.30           0.30           0.30           0.30           0.30           0.30           0.30           0.30           0.30           0.30           
2010      5         18        18        1         0.12           0.30           0.30           0.30           0.30           0.30           0.30           0.30           0.30           0.30           0.30           0.30           
2010      5         19        19        1         0.19           0.30           0.30           0.30           0.30           0.30           0.30           0.30           0.30           0.30           0.30           0.30           
2010      5         20        20        1         0.17           0.30           0.30           0.30           0.30           0.30           0.30           0.30           0.30           0.30           0.30           0.30           
2010      5         21        21        1         0.13           0.30           0.30           0.30           0.30           0.30           0.30           0.30           0.30           0.30           0.30           0.30           
2010      5         22        22        1         0.10           0.30           0.30           0.30           0.30           0.30           0.30           0.30           0.30           0.30           0.30           0.30           
2010      5         23        23        1         0.08           0.30           0.30           0.30           0.30           0.30           0.30           0.30           0.30           0.30           0.30           0.30           
2010      5         24        24        1         0.07           0.30           0.30           0.30           0.30           0.30           0.30           0.30           0.30           0.30           0.30           0.30           
2010      5         25        25        1         0.07           0.30           0.30           0.30           0.30           0.30           0.30           0.30           0.30           0.30           0.30           0.30           
2010      5         26        26        1         0.06           0.30           0.30           0.30           0.30           0.30           0.30           0.30           0.30           0.30           0.30           0.30           
2010      5         27        27        1         0.05           0.29           0.30           0.30           0.30           0.30           0.30           0.30           0.30           0.30           0.30           0.30           
2010      5         28        28        1         0.05           0.29           0.30           0.30           0.30           0.30           0.30           0.30           0.30           0.30           0.30           0.30           
2010      5         29        29        1         0.05           0.28           0.30           0.30           0.30           0.30           0.30           0.30           0.30           0.30           0.30           0.30           
2010      5         30        30        1         0.05           0.27           0.30           0.30           0.30           0.30           0.30           0.30           0.30           0.30           0.30           0.30           
2010      5         31        31        1         0.05           0.26           0.30           0.30           0.30           0.30           0.30           0.30           0.30           0.30           0.30           0.30           
2010      6         1         32        1         0.05           0.26           0.30           0.30           0.30           0.30           0.30           0.30           0.30           0.30           0.30           0.30           
2010      6         2         33        1         0.05           0.25           0.30           0.30           0.30           0.30           0.30           0.30           0.30           0.30           0.30           0.30           
2010      6         3         34        1         0.05           0.25           0.30           0.30           0.30           0.30           0.30           0.30           0.30           0.30           0.30           0.30           
2010      6         4         35        1         0.05           0.24           0.30           0.30           0.30           0.30           0.30           0.30           0.30           0.30           0.30           0.30           
2010      6         5         36        1         0.05           0.23           0.30           0.30           0.30           0.30           0.30           0.30           0.30           0.30           0.30           0.30           
2010      6         6         37        1         0.05           0.22           0.30           0.30           0.30           0.30           0.30           0.30           0.30           0.30           0.30           0.30           
2010      6         7         38        1         0.05           0.22           0.30           0.30           0.30           0.30           0.30           0.30           0.30           0.30           0.30           0.30           
2010      6         8         39        1         0.05           0.21           0.30           0.30           0.30           0.30           0.30           0.30           0.30           0.30           0.30           0.30           
2010      6         9         40        1         0.05           0.20           0.30           0.30           0.30           0.30           0.30           0.30           0.30           0.30           0.30           0.30           
2010      6         10        41        1         0.05           0.19           0.30           0.30           0.30           0.30           0.30           0.30           0.30           0.30           0.30           0.30           
2010      6         11        42        1         0.12           0.19           0.30           0.30           0.30           0.30           0.30           0.30           0.30           0.30           0.30           0.30           
2010      6         12        43        1         0.13           0.19           0.30           0.30           0.30           0.30           0.30           0.30           0.30           0.30           0.30           0.30           
2010      6         13        44        1         0.46           0.19           0.30           0.30           0.30           0.30           0.30           0.30           0.30           0.30           0.30           0.30           
2010      6         14        45        1         0.30           0.31           0.30           0.30           0.30           0.30           0.30           0.30           0.30           0.30           0.30           0.30           
2010      6         15        46        1         0.24           0.30           0.30           0.30           0.30           0.30           0.30           0.30           0.30           0.30           0.30           0.30           
2010      6         16        47        1         0.19           0.30           0.30           0.30           0.30           0.30           0.30           0.30           0.30           0.30           0.30           0.30           
2010      6         17        48        1         0.15           0.30           0.30           0.30           0.30           0.30           0.30           0.30           0.30           0.30           0.30           0.30           
2010      6         18        49        1         0.12           0.30           0.30           0.30           0.30           0.30           0.30           0.30           0.30           0.30           0.30           0.30           
2010      6         19        50        1         0.26           0.30           0.30           0.30           0.30           0.30           0.30           0.30           0.30           0.30           0.30           0.30           
2010      6         20        51        1         0.34           0.30           0.30           0.30           0.30           0.30           0.30           0.30           0.30           0.30           0.30           0.30           
2010      6         21        52        1         0.29           0.31           0.30           0.30           0.30           0.30           0.30           0.30           0.30           0.30           0.30           0.30           
2010      6         22        53        1         0.23           0.30           0.30           0.30           0.30           0.30           0.30           0.30           0.30           0.30           0.30           0.30           
2010      6         23        54        1         0.18           0.30           0.30           0.30           0.30           0.30           0.30           0.30           0.30           0.30           0.30           0.30           
2010      6         24        55        1         0.12           0.29           0.30           0.30           0.30           0.30           0.30           0.30           0.30           0.30           0.30           0.30           
2010      6         25        56        1         0.09           0.26           0.30           0.30           0.30           0.30           0.30           0.30           0.30           0.30           0.30           0.30           
2010      6         26        57        1         0.09           0.22           0.29           0.30           0.30           0.30           0.30           0.30           0.30           0.30           0.30           0.30           
2010      6         27        58        1         0.09           0.17           0.28           0.30           0.30           0.30           0.30           0.30           0.30           0.30           0.30           0.30           
2010      6         28        59        1         0.09           0.13           0.26           0.30           0.30           0.30           0.30           0.30           0.30           0.30           0.30           0.30           
2010      6         29        60        1         0.09           0.09           0.22           0.30           0.30           0.30           0.30           0.30           0.30           0.30           0.30           0.30           
2010      6         30        61        1         0.09           0.09           0.18           0.26           0.30           0.30           0.30           0.30           0.30           0.30           0.30           0.30           
2010      7         1         62        1         0.09           0.09           0.14           0.22           0.29           0.30           0.30           0.30           0.30           0.30           0.30           0.30           
2010      7         2         63        1         0.14           0.09           0.12           0.22           0.29           0.30           0.30           0.30           0.30           0.30           0.30           0.30           
2010      7         3         64        1         0.09           0.09           0.09           0.22           0.29           0.30           0.30           0.30           0.30           0.30           0.30           0.30           
2010      7         4         65        1         0.19           0.09           0.09           0.22           0.29           0.30           0.30           0.30           0.30           0.30           0.30           0.30           
2010      7         5         66        1         0.18           0.09           0.09           0.21           0.29           0.30           0.30           0.30           0.30           0.30           0.30           0.30           
2010      7         6         67        1         0.14           0.09           0.09           0.19           0.29           0.30           0.30           0.30           0.30           0.30           0.30           0.30           
2010      7         7         68        1         0.13           0.09           0.09           0.19           0.29           0.30           0.30           0.30           0.30           0.30           0.30           0.30           
2010      7         8         69        1         0.09           0.09           0.09           0.19           0.29           0.30           0.30           0.30           0.30           0.30           0.30           0.30           
2010      7         9         70        1         0.09           0.09           0.09           0.15           0.28           0.30           0.30           0.30           0.30           0.30           0.30           0.30           
2010      7         10        71        1         0.09           0.09           0.09           0.11           0.25           0.30           0.30           0.30           0.30           0.30           0.30           0.30           
2010      7         11        72        1         0.09           0.09           0.09           0.09           0.22           0.29           0.30           0.30           0.30           0.30           0.30           0.30           
2010      7         12        73        1         0.09           0.09           0.09           0.09           0.18           0.26           0.30           0.30           0.30           0.30           0.30           0.30           
2010      7         13        74        1         0.09           0.09           0.09           0.09           0.14           0.23           0.29           0.30           0.30           0.30           0.30           0.30           
2010      7         14        75        1         0.09           0.09           0.09           0.09           0.11           0.19           0.29           0.30           0.30           0.30           0.30           0.30           
2010      7         15        76        1         0.09           0.09           0.09           0.09           0.10           0.16           0.29           0.30           0.30           0.30           0.30           0.30           
2010      7         16        77        1         0.09           0.09           0.09           0.09           0.10           0.13           0.26           0.30           0.30           0.30           0.30           0.30           
2010      7         17        78        1         0.09           0.09           0.09           0.09           0.10           0.10           0.23           0.30           0.30           0.30           0.30           0.30           
2010      7         18        79        1         0.09           0.09           0.09           0.09           0.10           0.10           0.22           0.30           0.30           0.30           0.30           0.30           
2010      7         19        80        1         0.09           0.09           0.09           0.09           0.10           0.10           0.18           0.28           0.30           0.30           0.30           0.30           
2010      7         20        81        1         0.09           0.09           0.09           0.09           0.10           0.10           0.15           0.28           0.30           0.30           0.30           0.30           
2010      7         21        82        1         0.14           0.09           0.09           0.09           0.10           0.10           0.15           0.28           0.30           0.30           0.30           0.30           
2010      7         22        83        1         0.10           0.09           0.09           0.09           0.10           0.10           0.15           0.28           0.30           0.30           0.30           0.30           
2010      7         23        84        1         0.10           0.09           0.09           0.09           0.10           0.10           0.12           0.27           0.30           0.30           0.30           0.30           
2010      7         24        85        1         0.10           0.09           0.09           0.09           0.10           0.10           0.10           0.25           0.30           0.30           0.30           0.30           
2010      7         25        86        1         0.10           0.09           0.09           0.09           0.10           0.10           0.10           0.22           0.30           0.30           0.30           0.30           
2010      7         26        87        1         0.10           0.09           0.09           0.09           0.10           0.10           0.10           0.19           0.27           0.30           0.30           0.30           
2010      7         27        88        1         0.10           0.09           0.09           0.09           0.10           0.10           0.10           0.17           0.25           0.30           0.30           0.30           
2010      7         28        89        1         0.10           0.09           0.09           0.09           0.10           0.10           0.10           0.14           0.24           0.30           0.30           0.30           
2010      7         29        90        1         0.10           0.09           0.09           0.09           0.10           0.10           0.10           0.11           0.21           0.30           0.30           0.30           
2010      7         30        91        1         0.10           0.09           0.09           0.09           0.10           0.10           0.10           0.10           0.19           0.30           0.30           0.30           
2010      7         31        92        1         0.10           0.09           0.09           0.09           0.10           0.10           0.10           0.10           0.16           0.29           0.30           0.30           
2010      8         1         93        1         0.10           0.09           0.09           0.09           0.10           0.10           0.10           0.10           0.14           0.28           0.30           0.30           
2010      8         2         94        1         0.10           0.09           0.09           0.09           0.10           0.10           0.10           0.10           0.11           0.27           0.30           0.30           
2010      8         3         95        1         0.28           0.09           0.09           0.09           0.10           0.10           0.10           0.10           0.11           0.27           0.30           0.30           
2010      8         4         96        1         0.25           0.09           0.09           0.09           0.10           0.10           0.10           0.10           0.11           0.27           0.30           0.30           
2010      8         5         97        1         0.38           0.09           0.09           0.09           0.10           0.10           0.10           0.10           0.11           0.27           0.30           0.30           
2010      8         6         98        1         0.27           0.15           0.09           0.09           0.10           0.10           0.10           0.10           0.11           0.27           0.30           0.30           
2010      8         7         99        1         0.22           0.14           0.09           0.09           0.10           0.10           0.10           0.10           0.11           0.27           0.30           0.30           
2010      8         8         100       1         0.17           0.13           0.09           0.09           0.10           0.10           0.10           0.10           0.11           0.27           0.30           0.30           
2010      8         9         101       1         0.38           0.13           0.09           0.09           0.10           0.10           0.10           0.10           0.11           0.27           0.30           0.30           
2010      8         10        102       1         0.29           0.18           0.09           0.09           0.10           0.10           0.10           0.10           0.11           0.27           0.30           0.30           
2010      8         11        103       1         0.24           0.17           0.09           0.09           0.10           0.10           0.10           0.10           0.11           0.27           0.30           0.30           
2010      8         12        104       1         0.19           0.16           0.09           0.09           0.10           0.10           0.10           0.10           0.11           0.27           0.30           0.30           
2010      8         13        105       1         0.14           0.15           0.09           0.09           0.10           0.10           0.10           0.10           0.11           0.27           0.30           0.30           
2010      8         14        106       1         0.11           0.15           0.09           0.09           0.10           0.10           0.10           0.10           0.11           0.27           0.30           0.30           
2010      8         15        107       1         0.09           0.14           0.09           0.09           0.10           0.10           0.10           0.10           0.11           0.27           0.30           0.30           
2010      8         16        108       1         0.45           0.14           0.09           0.09           0.10           0.10           0.10           0.10           0.11           0.27           0.30           0.30           
2010      8         17        109       1         0.30           0.25           0.09           0.09           0.10           0.10           0.10           0.10           0.11           0.27           0.30           0.30           
2010      8         18        110       1         0.25           0.24           0.09           0.09           0.10           0.10           0.10           0.10           0.11           0.27           0.30           0.30           
2010      8         19        111       1         0.21           0.24           0.09           0.09           0.10           0.10           0.10           0.10           0.11           0.27           0.30           0.30           
2010      8         20        112       1         0.16           0.24           0.09           0.09           0.10           0.10           0.10           0.10           0.11           0.27           0.30           0.30           
2010      8         21        113       1         0.11           0.23           0.09           0.09           0.10           0.10           0.10           0.10           0.11           0.27           0.30           0.30           
2010      8         22        114       1         0.09           0.18           0.09           0.09           0.10           0.10           0.10           0.10           0.11           0.27           0.30           0.30           
2010      8         23        115       1         0.09           0.15           0.09           0.09           0.10           0.10           0.10           0.10           0.11           0.27           0.30           0.30           
2010      8         24        116       1         0.09           0.11           0.09           0.09           0.10           0.10           0.10           0.10           0.11           0.27           0.30           0.30           
2010      8         25        117       1         0.09           0.09           0.09           0.09           0.10           0.10           0.10           0.10           0.10           0.25           0.30           0.30           
2010      8         26        118       1         0.09           0.09           0.09           0.09           0.10           0.10           0.10           0.10           0.10           0.22           0.30           0.30           
2010      8         27        119       1         0.09           0.09           0.09           0.09           0.10           0.10           0.10           0.10           0.10           0.20           0.29           0.30           
2010      8         28        120       1         0.09           0.09           0.09           0.09           0.10           0.10           0.10           0.10           0.10           0.17           0.29           0.30           
2010      8         29        121       1         0.09           0.09           0.09           0.09           0.10           0.10           0.10           0.10           0.10           0.14           0.29           0.30           
2010      8         30        122       1         0.09           0.09           0.09           0.09           0.10           0.10           0.10           0.10           0.10           0.12           0.29           0.30           
2010      8         31        123       1         0.09           0.09           0.09           0.09           0.10           0.10           0.10           0.10           0.10           0.10           0.28           0.30           
2010      9         1         124       1         0.09           0.09           0.09           0.09           0.10           0.10           0.10           0.10           0.10           0.10           0.27           0.30           
2010      9         2         125       1         0.09           0.09           0.09           0.09           0.10           0.10           0.10           0.10           0.10           0.10           0.25           0.30           
2010      9         3         126       1         0.09           0.09           0.09           0.09           0.10           0.10           0.10           0.10           0.10           0.10           0.24           0.30           
2010      9         4         127       1         0.09           0.09           0.09           0.09           0.10           0.10           0.10           0.10           0.10           0.10           0.22           0.30           
2010      9         5         128       1         0.09           0.09           0.09           0.09           0.10           0.10           0.10           0.10           0.10           0.10           0.21           0.30           
2010      9         6         129       1         0.09           0.09           0.09           0.09           0.10           0.10           0.10           0.10           0.10           0.10           0.20           0.30           
2010      9         7         130       1         0.09           0.09           0.09           0.09           0.10           0.10           0.10           0.10           0.10           0.10           0.19           0.30           
2010      9         8         131       1         0.11           0.09           0.09           0.09           0.10           0.10           0.10           0.10           0.10           0.10           0.19           0.30           
2010      9         9         132       1         0.10           0.09           0.09           0.09           0.10           0.10           0.10           0.10           0.10           0.10           0.19           0.30           
2010      9         10        133       1         0.09           0.09           0.09           0.09           0.10           0.10           0.10           0.10           0.10           0.10           0.18           0.30           
2010      9         11        134       1         0.08           0.09           0.09           0.09           0.10           0.10           0.10           0.10           0.10           0.10           0.17           0.30           
2010      9         12        135       1         0.08           0.09           0.09           0.09           0.10           0.10           0.10           0.10           0.10           0.10           0.16           0.30           
2010      9         13        136       1         0.07           0.09           0.09           0.09           0.10           0.10           0.10           0.10           0.10           0.10           0.15           0.30           
2010      9         14        137       1         0.07           0.09           0.09           0.09           0.10           0.10           0.10           0.10           0.10           0.10           0.15           0.30           
2010      9         15        138       1         0.07           0.09           0.09           0.09           0.10           0.10           0.10           0.10           0.10           0.10           0.14           0.30           
2010      9         16        139       1         0.07           0.09           0.09           0.09           0.10           0.10           0.10           0.10           0.10           0.10           0.14           0.30           
2010      9         17        140       1         0.07           0.09           0.09           0.09           0.10           0.10           0.10           0.10           0.10           0.10           0.14           0.30           
2010      9         18        141       1         0.07           0.09           0.09           0.09           0.10           0.10           0.10           0.10           0.10           0.10           0.14           0.30           
2010      9         19        142       1         0.07           0.09           0.09           0.09           0.10           0.10           0.10           0.10           0.10           0.10           0.13           0.30           
2010      9         20        143       1         0.14           0.09           0.09           0.09           0.10           0.10           0.10           0.10           0.10           0.10           0.13           0.30           
2010      9         21        144       1         0.13           0.09           0.09           0.09           0.10           0.10           0.10           0.10           0.10           0.10           0.13           0.30           
2010      9         22        145       1         0.18           0.09           0.09           0.09           0.10           0.10           0.10           0.10           0.10           0.10           0.13           0.30           
2010      9         23        146       1         0.16           0.09           0.09           0.09           0.10           0.10           0.10           0.10           0.10           0.10           0.13           0.30           
2010      9         24        147       1         0.13           0.09           0.09           0.09           0.10           0.10           0.10           0.10           0.10           0.10           0.13           0.30           
2010      9         25        -999      0         -999.00        -999.00        -999.00        -999.00        -999.00        -999.00        -999.00        -999.00        -999.00        -999.00        -999.00        -999.00        
2010      9         26        -999      0         -999.00        -999.00        -999.00        -999.00        -999.00        -999.00        -999.00        -999.00        -999.00        -999.00        -999.00        -999.00        
2010      9         27        -999      0         -999.00        -999.00        -999.00        -999.00        -999.00        -999.00        -999.00        -999.00        -999.00        -999.00        -999.00        -999.00        
2010      9         28        -999      0         -999.00        -999.00        -999.00        -999.00        -999.00        -999.00        -999.00        -999.00        -999.00        -999.00        -999.00        -999.00        
2010      9         29        -999      0         -999.00        -999.00        -999.00        -999.00        -999.00        -999.00        -999.00        -999.00        -999.00        -999.00        -999.00        -999.00        
2010      9         30        -999      0         -999.00        -999.00        -999.00        -999.00        -999.00        -999.00        -999.00        -999.00        -999.00        -999.00        -999.00        -999.00        
2010      10        1         -999      0         -999.00        -999.00        -999.00        -999.00        -999.00        -999.00        -999.00        -999.00        -999.00        -999.00        -999.00        -999.00        
2010      10        2         -999      0         -999.00        -999.00        -999.00        -999.00        -999.00        -999.00        -999.00        -999.00        -999.00        -999.00        -999.00        -999.00        
2010      10        3         -999      0         -999.00        -999.00        -999.00        -999.00        -999.00        -999.00        -999.00        -999.00        -999.00        -999.00        -999.00        -999.00        
2010      10        4         -999      0         -999.00        -999.00        -999.00        -999.00        -999.00        -999.00        -999.00        -999.00        -999.00        -999.00        -999.00        -999.00        
2010      10        5         -999      0         -999.00        -999.00        -999.00        -999.00        -999.00        -999.00        -999.00        -999.00        -999.00        -999.00        -999.00        -999.00        
2010      10        6         -999      0         -999.00        -999.00        -999.00        -999.00        -999.00        -999.00        -999.00        -999.00        -999.00        -999.00        -999.00        -999.00        
2010      10        7         -999      0         -999.00        -999.00        -999.00        -999.00        -999.00        -999.00        -999.00        -999.00        -999.00        -999.00        -999.00        -999.00        
2010      10        8         -999      0         -999.00        -999.00        -999.00        -999.00        -999.00        -999.00        -999.00        -999.00        -999.00        -999.00        -999.00        -999.00        
2010      10        9         -999      0         -999.00        -999.00        -999.00        -999.00        -999.00        -999.00        -999.00        -999.00        -999.00        -999.00        -999.00        -999.00        
2010      10        10        -999      0         -999.00        -999.00        -999.00        -999.00        -999.00        -999.00        -999.00        -999.00        -999.00        -999.00        -999.00        -999.00        
2010      10        11        -999      0         -999.00        -999.00        -999.00        -999.00        -999.00        -999.00        -999.00        -999.00        -999.00        -999.00        -999.00        -999.00        
2010      10        12        -999      0         -999.00        -999.00        -999.00        -999.00        -999.00        -999.00        -999.00        -999.00        -999.00        -999.00        -999.00        -999.00        
2010      10        13        -999      0         -999.00        -999.00        -999.00        -999.00        -999.00        -999.00        -999.00        -999.00        -999.00        -999.00        -999.00        -999.00        
2010      10        14        -999      0         -999.00        -999.00        -999.00        -999.00        -999.00        -999.00        -999.00        -999.00        -999.00        -999.00        -999.00        -999.00        
2010      10        15        -999      0         -999.00        -999.00        -999.00        -999.00        -999.00        -999.00        -999.00        -999.00        -999.00        -999.00        -999.00        -999.00        
2010      10        16        -999      0         -999.00        -999.00        -999.00        -999.00        -999.00        -999.00        -999.00        -999.00        -999.00        -999.00        -999.00        -999.00        
2010      10        17        -999      0         -999.00        -999.00        -999.00        -999.00        -999.00        -999.00        -999.00        -999.00        -999.00        -999.00        -999.00        -999.00        
2010      10        18        -999      0         -999.00        -999.00        -999.00        -999.00        -999.00        -999.00        -999.00        -999.00        -999.00        -999.00        -999.00        -999.00        
2010      10        19        -999      0         -999.00        -999.00        -999.00        -999.00        -999.00        -999.00        -999.00        -999.00        -999.00        -999.00        -999.00        -999.00        
2010      10        20        -999      0         -999.00        -999.00        -999.00        -999.00        -999.00        -999.00        -999.00        -999.00        -999.00        -999.00        -999.00        -999.00        
2010      10        21        -999      0         -999.00        -999.00        -999.00        -999.00        -999.00        -999.00        -999.00        -999.00        -999.00        -999.00        -999.00        -999.00        
2010      10        22        -999      0         -999.00        -999.00        -999.00        -999.00        -999.00        -999.00        -999.00        -999.00        -999.00        -999.00        -999.00        -999.00        
2010      10        23        -999      0         -999.00        -999.00        -999.00        -999.00        -999.00        -999.00        -999.00        -999.00        -999.00        -999.00        -999.00        -999.00        
2010      10        24        -999      0         -999.00        -999.00        -999.00        -999.00        -999.00        -999.00        -999.00        -999.00        -999.00        -999.00        -999.00        -999.00        
2010      10        25        -999      0         -999.00        -999.00        -999.00        -999.00        -999.00        -999.00        -999.00        -999.00        -999.00        -999.00        -999.00        -999.00        
2010      10        26        -999      0         -999.00        -999.00        -999.00        -999.00        -999.00        -999.00        -999.00        -999.00        -999.00        -999.00        -999.00        -999.00        
2010      10        27        -999      0         -999.00        -999.00        -999.00        -999.00        -999.00        -999.00        -999.00        -999.00        -999.00        -999.00        -999.00        -999.00        
2010      10        28        -999      0         -999.00        -999.00        -999.00        -999.00        -999.00        -999.00        -999.00        -999.00        -999.00        -999.00        -999.00        -999.00        
2010      10        29        -999      0         -999.00        -999.00        -999.00        -999.00        -999.00        -999.00        -999.00        -999.00        -999.00        -999.00        -999.00        -999.00        
2010      10        30        -999      0         -999.00        -999.00        -999.00        -999.00        -999.00        -999.00        -999.00        -999.00        -999.00        -999.00        -999.00        -999.00        
